Ind	Bloco 	Prog	Parcela	Arv	DAP
1	1	1	11	1	30.5
2	1	1	11	2	31.5
3	1	1	11	3	12
4	1	1	11	4	15.5
5	1	1	11	5	16
6	1	6	16	1	14
7	1	6	16	2	11.5
8	1	6	16	3	24
9	1	6	16	4	NA
10	1	6	16	5	NA
11	1	11	111	1	NA
12	1	11	111	2	21.5
13	1	11	111	3	20.5
14	1	11	111	4	10
15	1	11	111	5	17.5
16	1	15	115	1	4.5
17	1	15	115	2	11
18	1	15	115	3	17
19	1	15	115	4	7.5
20	1	15	115	5	11
21	1	20	120	1	20
22	1	20	120	2	12.5
23	1	20	120	3	21
24	1	20	120	4	13
25	1	20	120	5	13
26	1	24	124	1	12
27	1	24	124	2	24
28	1	24	124	3	NA
29	1	24	124	4	20
30	1	24	124	5	NA
31	1	29	129	1	16
32	1	29	129	2	20.5
33	1	29	129	3	8
34	1	29	129	4	11
35	1	29	129	5	23.5
36	1	32	132	1	6
37	1	32	132	2	9
38	1	32	132	3	23
39	1	32	132	4	9
40	1	32	132	5	NA
41	1	41	141	1	19
42	1	41	141	2	13.5
43	1	41	141	3	12.5
44	1	41	141	4	9
45	1	41	141	5	14
46	1	49	149	1	27.5
47	1	49	149	2	7
48	1	49	149	3	16
49	1	49	149	4	17
50	1	49	149	5	18
51	1	53	153	1	10.5
52	1	53	153	2	15
53	1	53	153	3	24
54	1	53	153	4	10
55	1	53	153	5	NA
56	2	1	21	1	25.5
57	2	1	21	2	25.5
58	2	1	21	3	12.5
59	2	1	21	4	22
60	2	1	21	5	17
61	2	6	26	1	32
62	2	6	26	2	8
63	2	6	26	3	23
64	2	6	26	4	24
65	2	6	26	5	NA
66	2	11	211	1	25.5
67	2	11	211	2	NA
68	2	11	211	3	NA
69	2	11	211	4	NA
70	2	11	211	5	NA
71	2	15	215	1	10.5
72	2	15	215	2	14.5
73	2	15	215	3	26
74	2	15	215	4	NA
75	2	15	215	5	10
76	2	20	220	1	19
77	2	20	220	2	NA
78	2	20	220	3	NA
79	2	20	220	4	19.5
80	2	20	220	5	25
81	2	24	224	1	NA
82	2	24	224	2	15
83	2	24	224	3	NA
84	2	24	224	4	18.5
85	2	24	224	5	8.5
86	2	29	229	1	10
87	2	29	229	2	NA
88	2	29	229	3	NA
89	2	29	229	4	12
90	2	29	229	5	NA
91	2	32	232	1	13
92	2	32	232	2	10
93	2	32	232	3	NA
94	2	32	232	4	20.5
95	2	32	232	5	17
96	2	41	241	1	10.5
97	2	41	241	2	29.5
98	2	41	241	3	14
99	2	41	241	4	21
100	2	41	241	5	7
101	2	49	249	1	35
102	2	49	249	2	20
103	2	49	249	3	8
104	2	49	249	4	23
105	2	49	249	5	9.5
106	2	53	253	1	8
107	2	53	253	2	13
108	2	53	253	3	14
109	2	53	253	4	6
110	2	53	253	5	32
111	3	1	31	1	NA
112	3	1	31	2	NA
113	3	1	31	3	14
114	3	1	31	4	9.5
115	3	1	31	5	27
116	3	6	36	1	NA
117	3	6	36	2	23.5
118	3	6	36	3	9.5
119	3	6	36	4	24
120	3	6	36	5	13.5
121	3	11	311	1	23
122	3	11	311	2	19.5
123	3	11	311	3	20
124	3	11	311	4	12
125	3	11	311	5	31
126	3	15	315	1	15.5
127	3	15	315	2	5
128	3	15	315	3	9
129	3	15	315	4	5
130	3	15	315	5	13
131	3	20	320	1	20.5
132	3	20	320	2	19
133	3	20	320	3	12.5
134	3	20	320	4	23
135	3	20	320	5	NA
136	3	24	324	1	13
137	3	24	324	2	20.5
138	3	24	324	3	8.5
139	3	24	324	4	NA
140	3	24	324	5	16
141	3	29	329	1	11
142	3	29	329	2	NA
143	3	29	329	3	NA
144	3	29	329	4	8
145	3	29	329	5	10
146	3	32	332	1	15
147	3	32	332	2	NA
148	3	32	332	3	18
149	3	32	332	4	13
150	3	32	332	5	24
151	3	41	341	1	18
152	3	41	341	2	NA
153	3	41	341	3	20.5
154	3	41	341	4	18
155	3	41	341	5	9
156	3	49	349	1	NA
157	3	49	349	2	11
158	3	49	349	3	28
159	3	49	349	4	NA
160	3	49	349	5	23
161	3	53	353	1	NA
162	3	53	353	2	4.5
163	3	53	353	3	7
164	3	53	353	4	13
165	3	53	353	5	8
166	4	1	41	1	11
167	4	1	41	2	8.5
168	4	1	41	3	NA
169	4	1	41	4	20.5
170	4	1	41	5	8
171	4	6	46	1	11.5
172	4	6	46	2	11.5
173	4	6	46	3	6.5
174	4	6	46	4	16
175	4	6	46	5	10
176	4	11	411	1	21
177	4	11	411	2	28
178	4	11	411	3	21
179	4	11	411	4	15
180	4	11	411	5	22.5
181	4	15	415	1	18
182	4	15	415	2	10.5
183	4	15	415	3	23
184	4	15	415	4	22
185	4	15	415	5	14
186	4	20	420	1	29
187	4	20	420	2	25.5
188	4	20	420	3	26
189	4	20	420	4	7
190	4	20	420	5	20
191	4	24	424	1	16
192	4	24	424	2	8
193	4	24	424	3	34
194	4	24	424	4	19
195	4	24	424	5	21
196	4	29	429	1	17
197	4	29	429	2	17.5
198	4	29	429	3	15
199	4	29	429	4	13
200	4	29	429	5	10
201	4	32	432	1	13
202	4	32	432	2	19.5
203	4	32	432	3	15
204	4	32	432	4	17
205	4	32	432	5	16
206	4	41	441	1	15
207	4	41	441	2	22
208	4	41	441	3	18
209	4	41	441	4	29
210	4	41	441	5	15
211	4	49	449	1	9
212	4	49	449	2	17.5
213	4	49	449	3	5
214	4	49	449	4	NA
215	4	49	449	5	10
216	4	53	453	1	12.5
217	4	53	453	2	21.5
218	4	53	453	3	20.5
219	4	53	453	4	19
220	4	53	453	5	NA
221	5	1	51	1	NA
222	5	1	51	2	8
223	5	1	51	3	17
224	5	1	51	4	18.5
225	5	1	51	5	14
226	5	6	56	1	14
227	5	6	56	2	19
228	5	6	56	3	25
229	5	6	56	4	9
230	5	6	56	5	15
231	5	11	511	1	23
232	5	11	511	2	20
233	5	11	511	3	10
234	5	11	511	4	26
235	5	11	511	5	NA
236	5	15	515	1	21
237	5	15	515	2	14
238	5	15	515	3	10.5
239	5	15	515	4	NA
240	5	15	515	5	17
241	5	20	520	1	24
242	5	20	520	2	NA
243	5	20	520	3	22.5
244	5	20	520	4	19
245	5	20	520	5	16
246	5	24	524	1	NA
247	5	24	524	2	NA
248	5	24	524	3	NA
249	5	24	524	4	19
250	5	24	524	5	16
251	5	29	529	1	8.5
252	5	29	529	2	16.5
253	5	29	529	3	NA
254	5	29	529	4	12.5
255	5	29	529	5	20.5
256	5	32	532	1	7
257	5	32	532	2	11.5
258	5	32	532	3	20.5
259	5	32	532	4	7.5
260	5	32	532	5	17
261	5	41	541	1	26.5
262	5	41	541	2	20
263	5	41	541	3	10.5
264	5	41	541	4	5
265	5	41	541	5	4
266	5	49	549	1	NA
267	5	49	549	2	NA
268	5	49	549	3	11
269	5	49	549	4	18
270	5	49	549	5	15
271	5	53	553	1	NA
272	5	53	553	2	14.5
273	5	53	553	3	22.5
274	5	53	553	4	16
275	5	53	553	5	8
276	6	1	61	1	14
277	6	1	61	2	32.5
278	6	1	61	3	30
279	6	1	61	4	31.5
280	6	1	61	5	9.5
281	6	6	66	1	11
282	6	6	66	2	15.5
283	6	6	66	3	15
284	6	6	66	4	20.5
285	6	6	66	5	12
286	6	11	611	1	30
287	6	11	611	2	12
288	6	11	611	3	25
289	6	11	611	4	7
290	6	11	611	5	32
291	6	15	615	1	13
292	6	15	615	2	19
293	6	15	615	3	11
294	6	15	615	4	16
295	6	15	615	5	22.5
296	6	20	620	1	13
297	6	20	620	2	22
298	6	20	620	3	11.5
299	6	20	620	4	11
300	6	20	620	5	18
301	6	24	624	1	23
302	6	24	624	2	12.5
303	6	24	624	3	19
304	6	24	624	4	26
305	6	24	624	5	15.5
306	6	29	629	1	13
307	6	29	629	2	NA
308	6	29	629	3	19
309	6	29	629	4	14
310	6	29	629	5	9.5
311	6	32	632	1	NA
312	6	32	632	2	13
313	6	32	632	3	13
314	6	32	632	4	9
315	6	32	632	5	NA
316	6	41	641	1	18
317	6	41	641	2	21
318	6	41	641	3	8
319	6	41	641	4	10.5
320	6	41	641	5	10.5
321	6	49	649	1	8
322	6	49	649	2	5.5
323	6	49	649	3	34
324	6	49	649	4	NA
325	6	49	649	5	26.5
326	6	53	653	1	9
327	6	53	653	2	NA
328	6	53	653	3	14.5
329	6	53	653	4	19.5
330	6	53	653	5	7
331	1	4	14	1	22.5
332	1	4	14	2	22
333	1	4	14	3	23.5
334	1	4	14	4	15.5
335	1	4	14	5	18
336	1	22	122	1	18.5
337	1	22	122	2	27
338	1	22	122	3	8
339	1	22	122	4	19
340	1	22	122	5	13
341	1	51	151	1	13
342	1	51	151	2	11
343	1	51	151	3	15
344	1	51	151	4	9
345	1	51	151	5	11
346	2	4	24	1	22
347	2	4	24	2	13
348	2	4	24	3	14
349	2	4	24	4	24
350	2	4	24	5	21
351	2	22	222	1	11
352	2	22	222	2	24
353	2	22	222	3	NA
354	2	22	222	4	NA
355	2	22	222	5	NA
356	2	51	251	1	24
357	2	51	251	2	15
358	2	51	251	3	23.5
359	2	51	251	4	3
360	2	51	251	5	14
361	3	4	34	1	NA
362	3	4	34	2	17
363	3	4	34	3	20
364	3	4	34	4	NA
365	3	4	34	5	9
366	3	22	322	1	23
367	3	22	322	2	13
368	3	22	322	3	11
369	3	22	322	4	22.5
370	3	22	322	5	9
371	3	51	351	1	23
372	3	51	351	2	NA
373	3	51	351	3	8
374	3	51	351	4	7.5
375	3	51	351	5	15
376	4	4	44	1	15.5
377	4	4	44	2	17
378	4	4	44	3	12.5
379	4	4	44	4	11
380	4	4	44	5	NA
381	4	22	422	1	16
382	4	22	422	2	13
383	4	22	422	3	7
384	4	22	422	4	16.5
385	4	22	422	5	NA
386	4	51	451	1	9
387	4	51	451	2	14
388	4	51	451	3	11
389	4	51	451	4	25
390	4	51	451	5	10.5
391	5	4	54	1	14
392	5	4	54	2	9
393	5	4	54	3	20.5
394	5	4	54	4	12.5
395	5	4	54	5	11.5
396	5	22	522	1	6
397	5	22	522	2	NA
398	5	22	522	3	7
399	5	22	522	4	NA
400	5	22	522	5	9
401	5	51	551	1	14
402	5	51	551	2	6.5
403	5	51	551	3	19.5
404	5	51	551	4	12.5
405	5	51	551	5	21
406	6	4	64	1	10
407	6	4	64	2	15
408	6	4	64	3	14
409	6	4	64	4	11.5
410	6	4	64	5	29.5
411	6	22	622	1	17
412	6	22	622	2	12
413	6	22	622	3	16
414	6	22	622	4	10
415	6	22	622	5	10
416	6	51	651	1	9
417	6	51	651	2	13
418	6	51	651	3	21
419	6	51	651	4	9
420	6	51	651	5	18.5
421	1	2	12	1	17
422	1	2	12	2	11
423	1	2	12	3	14
424	1	2	12	4	21
425	1	2	12	5	14.5
426	1	8	18	1	12.5
427	1	8	18	2	24
428	1	8	18	3	20.5
429	1	8	18	4	NA
430	1	8	18	5	NA
431	2	2	22	1	18.5
432	2	2	22	2	NA
433	2	2	22	3	NA
434	2	2	22	4	19
435	2	2	22	5	19.5
436	2	8	28	1	14
437	2	8	28	2	NA
438	2	8	28	3	11.5
439	2	8	28	4	27
440	2	8	28	5	6
441	3	2	32	1	NA
442	3	2	32	2	22
443	3	2	32	3	23
444	3	2	32	4	23
445	3	2	32	5	13.5
446	3	8	38	1	29
447	3	8	38	2	NA
448	3	8	38	3	19
449	3	8	38	4	18.5
450	3	8	38	5	NA
451	4	2	42	1	NA
452	4	2	42	2	14
453	4	2	42	3	19
454	4	2	42	4	17.5
455	4	2	42	5	23
456	4	8	48	1	19.5
457	4	8	48	2	29
458	4	8	48	3	20
459	4	8	48	4	10
460	4	8	48	5	11
461	5	2	52	1	14
462	5	2	52	2	8
463	5	2	52	3	20
464	5	2	52	4	5.5
465	5	2	52	5	12
466	5	8	58	1	13.5
467	5	8	58	2	NA
468	5	8	58	3	23
469	5	8	58	4	NA
470	5	8	58	5	NA
471	6	2	62	1	11
472	6	2	62	2	29
473	6	2	62	3	25
474	6	2	62	4	15
475	6	2	62	5	10
476	6	8	68	1	21
477	6	8	68	2	27
478	6	8	68	3	18
479	6	8	68	4	20.5
480	6	8	68	5	15
481	1	17	117	1	24
482	1	17	117	2	22.5
483	1	17	117	3	8.5
484	1	17	117	4	NA
485	1	17	117	5	31
486	1	26	126	1	10.5
487	1	26	126	2	8.5
488	1	26	126	3	11.5
489	1	26	126	4	NA
490	1	26	126	5	17
491	1	36	136	1	11
492	1	36	136	2	11.5
493	1	36	136	3	9
494	1	36	136	4	16
495	1	36	136	5	17
496	2	17	217	1	8
497	2	17	217	2	NA
498	2	17	217	3	14
499	2	17	217	4	7.5
500	2	17	217	5	25
501	2	26	226	1	20.5
502	2	26	226	2	11.5
503	2	26	226	3	NA
504	2	26	226	4	13
505	2	26	226	5	15
506	2	36	236	1	13.5
507	2	36	236	2	10
508	2	36	236	3	25.5
509	2	36	236	4	18
510	2	36	236	5	10.5
511	3	17	317	1	13
512	3	17	317	2	24
513	3	17	317	3	17.5
514	3	17	317	4	9
515	3	17	317	5	NA
516	3	26	326	1	18
517	3	26	326	2	10.5
518	3	26	326	3	11.5
519	3	26	326	4	11.5
520	3	26	326	5	21
521	3	36	336	1	10
522	3	36	336	2	28.5
523	3	36	336	3	25
524	3	36	336	4	17
525	3	36	336	5	24
526	4	17	417	1	14
527	4	17	417	2	27.5
528	4	17	417	3	NA
529	4	17	417	4	NA
530	4	17	417	5	NA
531	4	26	426	1	12
532	4	26	426	2	11
533	4	26	426	3	11
534	4	26	426	4	13
535	4	26	426	5	9
536	4	36	436	1	13
537	4	36	436	2	10
538	4	36	436	3	11
539	4	36	436	4	9
540	4	36	436	5	26.5
541	5	17	517	1	12
542	5	17	517	2	21.5
543	5	17	517	3	15
544	5	17	517	4	46
545	5	17	517	5	11
546	5	26	526	1	NA
547	5	26	526	2	15
548	5	26	526	3	24.5
549	5	26	526	4	9
550	5	26	526	5	NA
551	5	36	536	1	35
552	5	36	536	2	18.5
553	5	36	536	3	20
554	5	36	536	4	NA
555	5	36	536	5	24
556	6	17	617	1	14
557	6	17	617	2	14
558	6	17	617	3	17
559	6	17	617	4	23
560	6	17	617	5	20.5
561	6	26	626	1	10
562	6	26	626	2	11
563	6	26	626	3	11
564	6	26	626	4	NA
565	6	26	626	5	13.5
566	6	36	636	1	28.5
567	6	36	636	2	NA
568	6	36	636	3	17.5
569	6	36	636	4	11
570	6	36	636	5	13
571	1	9	19	1	10
572	1	9	19	2	23
573	1	9	19	3	7
574	1	9	19	4	NA
575	1	9	19	5	NA
576	1	13	113	1	25.5
577	1	13	113	2	23
578	1	13	113	3	20
579	1	13	113	4	16
580	1	13	113	5	26
581	2	9	29	1	32
582	2	9	29	2	NA
583	2	9	29	3	11
584	2	9	29	4	8.5
585	2	9	29	5	28.5
586	2	13	213	1	NA
587	2	13	213	2	21
588	2	13	213	3	21
589	2	13	213	4	NA
590	2	13	213	5	25.5
591	3	9	39	1	25.5
592	3	9	39	2	17
593	3	9	39	3	10.5
594	3	9	39	4	26
595	3	9	39	5	17
596	3	13	313	1	11
597	3	13	313	2	20
598	3	13	313	3	19
599	3	13	313	4	26
600	3	13	313	5	13
601	4	9	49	1	NA
602	4	9	49	2	8.5
603	4	9	49	3	11
604	4	9	49	4	20.5
605	4	9	49	5	9
606	4	13	413	1	20
607	4	13	413	2	25
608	4	13	413	3	9.5
609	4	13	413	4	12
610	4	13	413	5	7
611	5	9	59	1	27
612	5	9	59	2	3.5
613	5	9	59	3	7
614	5	9	59	4	17
615	5	9	59	5	NA
616	5	13	513	1	24
617	5	13	513	2	NA
618	5	13	513	3	11.5
619	5	13	513	4	31
620	5	13	513	5	15
621	6	9	69	1	22
622	6	9	69	2	17
623	6	9	69	3	NA
624	6	9	69	4	22
625	6	9	69	5	NA
626	6	13	613	1	17
627	6	13	613	2	12
628	6	13	613	3	14
629	6	13	613	4	16
630	6	13	613	5	7
631	1	14	114	1	16
632	1	14	114	2	10
633	1	14	114	3	13
634	1	14	114	4	25
635	1	14	114	5	15.5
636	2	14	214	1	14
637	2	14	214	2	NA
638	2	14	214	3	28
639	2	14	214	4	8.5
640	2	14	214	5	20
641	3	14	314	1	NA
642	3	14	314	2	NA
643	3	14	314	3	NA
644	3	14	314	4	14
645	3	14	314	5	24
646	4	14	414	1	10
647	4	14	414	2	18
648	4	14	414	3	NA
649	4	14	414	4	19
650	4	14	414	5	15
651	5	14	514	1	19.5
652	5	14	514	2	27
653	5	14	514	3	27
654	5	14	514	4	19
655	5	14	514	5	18
656	6	14	614	1	29
657	6	14	614	2	30
658	6	14	614	3	21
659	6	14	614	4	15.5
660	6	14	614	5	24
661	1	55	155	1	10.5
662	1	55	155	2	6
663	1	55	155	3	9
664	1	55	155	4	12
665	1	55	155	5	5.5
666	2	55	255	1	21.5
667	2	55	255	2	12.5
668	2	55	255	3	24.5
669	2	55	255	4	13
670	2	55	255	5	11
671	3	55	355	1	NA
672	3	55	355	2	10.5
673	3	55	355	3	NA
674	3	55	355	4	11
675	3	55	355	5	14
676	4	55	455	1	28.5
677	4	55	455	2	22
678	4	55	455	3	13
679	4	55	455	4	17.5
680	4	55	455	5	16
681	5	55	555	1	9
682	5	55	555	2	7.5
683	5	55	555	3	14
684	5	55	555	4	17
685	5	55	555	5	13.5
686	6	55	655	1	11.5
687	6	55	655	2	NA
688	6	55	655	3	11
689	6	55	655	4	10
690	6	55	655	5	10.5
691	1	38	138	1	19.5
692	1	38	138	2	10
693	1	38	138	3	5
694	1	38	138	4	15.5
695	1	38	138	5	21
696	1	45	145	1	7
697	1	45	145	2	33
698	1	45	145	3	6.5
699	1	45	145	4	9
700	1	45	145	5	16
701	2	38	238	1	10.5
702	2	38	238	2	10.5
703	2	38	238	3	22
704	2	38	238	4	NA
705	2	38	238	5	15.5
706	2	45	245	1	13
707	2	45	245	2	13
708	2	45	245	3	9
709	2	45	245	4	20
710	2	45	245	5	20
711	3	38	338	1	13
712	3	38	338	2	NA
713	3	38	338	3	NA
714	3	38	338	4	NA
715	3	38	338	5	NA
716	3	45	345	1	12
717	3	45	345	2	38
718	3	45	345	3	10
719	3	45	345	4	14.5
720	3	45	345	5	10
721	4	38	438	1	NA
722	4	38	438	2	18
723	4	38	438	3	23
724	4	38	438	4	9
725	4	38	438	5	26
726	4	45	445	1	20
727	4	45	445	2	7
728	4	45	445	3	10
729	4	45	445	4	27.5
730	4	45	445	5	NA
731	5	38	538	1	7
732	5	38	538	2	8
733	5	38	538	3	20.5
734	5	38	538	4	12
735	5	38	538	5	8
736	5	45	545	1	NA
737	5	45	545	2	12
738	5	45	545	3	20.5
739	5	45	545	4	23
740	5	45	545	5	NA
741	6	38	638	1	20
742	6	38	638	2	NA
743	6	38	638	3	10
744	6	38	638	4	20.5
745	6	38	638	5	16
746	6	45	645	1	9
747	6	45	645	2	29
748	6	45	645	3	17.5
749	6	45	645	4	14
750	6	45	645	5	11
751	1	27	127	1	26
752	1	27	127	2	11.5
753	1	27	127	3	29
754	1	27	127	4	12.5
755	1	27	127	5	21.5
756	1	35	135	1	10
757	1	35	135	2	11.5
758	1	35	135	3	13
759	1	35	135	4	22.5
760	1	35	135	5	NA
761	2	27	227	1	15
762	2	27	227	2	15.5
763	2	27	227	3	NA
764	2	27	227	4	17.5
765	2	27	227	5	19
766	2	35	235	1	10
767	2	35	235	2	13
768	2	35	235	3	8
769	2	35	235	4	25
770	2	35	235	5	3
771	3	27	327	1	16
772	3	27	327	2	30.5
773	3	27	327	3	11
774	3	27	327	4	NA
775	3	27	327	5	13
776	3	35	335	1	8
777	3	35	335	2	15
778	3	35	335	3	NA
779	3	35	335	4	14.5
780	3	35	335	5	11
781	4	27	427	1	17
782	4	27	427	2	NA
783	4	27	427	3	24
784	4	27	427	4	6.5
785	4	27	427	5	NA
786	4	35	435	1	6.5
787	4	35	435	2	NA
788	4	35	435	3	9
789	4	35	435	4	12
790	4	35	435	5	32.5
791	5	27	527	1	13
792	5	27	527	2	16
793	5	27	527	3	35
794	5	27	527	4	10
795	5	27	527	5	NA